0.000000 0.000000 0.000000 0.000000
0.098095 0.000000 0.000000 0.000000
0.197935 0.000000 0.000000 0.000000
0.303660 0.000000 0.000000 0.000000
0.397701 0.000000 0.000000 0.000000
0.498881 0.000000 0.000000 0.000000
0.597542 0.000000 0.000000 0.000000
0.699201 0.290432 0.982400 0.000000
0.797598 0.560155 0.799846 0.000000
0.896706 0.456912 1.000000 0.000000
0.996916 0.455496 1.000000 0.000000
1.097707 0.453805 1.000000 0.000000
1.197866 0.259775 1.000000 0.000000
1.297414 0.347363 1.000000 0.000000
1.397686 0.452691 1.000000 0.000000
1.497321 0.471831 1.000000 0.000000
1.597676 0.572127 1.000000 0.000000
1.697453 0.600000 1.000000 0.000000
1.798164 0.600000 0.825682 0.000000
1.897467 0.600003 0.563020 0.000000
1.997582 0.601513 0.435915 0.000000
2.097533 0.600830 0.495371 0.000000
2.197339 0.600400 0.637142 0.000000
2.297916 0.600516 0.729243 0.000000
2.396513 0.601058 0.719101 0.000000
2.497088 0.601626 0.647144 0.000000
2.597848 0.598457 0.586807 0.000000
2.697830 0.580909 0.579219 0.000000
2.797437 0.535695 0.613090 0.000000
2.897739 0.457559 0.649878 0.000000
2.997607 0.348613 0.661263 0.000000
3.097887 0.207108 0.646939 0.000000
3.197240 0.035536 0.625829 0.000000
3.297753 -0.166328 0.615820 0.000000
3.400008 -0.344709 0.620790 0.000000
3.497714 -0.544152 0.632227 0.000000
3.596953 -0.601470 0.639598 0.000000
3.697512 -0.568431 0.638674 0.000000
3.797793 -0.481176 0.632866 0.000000
3.897777 -0.357830 0.628064 0.000000
3.997921 -0.167734 0.627508 0.000000
4.100837 0.089829 0.630226 0.000000
4.197634 0.284428 0.633120 0.000000
4.297647 0.441116 0.633957 0.000000
4.397703 0.526957 0.632772 0.000000
4.497519 0.506205 0.631103 0.000000
4.597586 0.560091 0.630360 0.000000
4.697637 0.600538 0.630845 0.000000
4.796644 0.569108 0.631734 0.000000
4.897843 0.524040 0.632283 0.000000
5.000269 0.532137 0.632283 0.000000
5.098030 0.545670 0.631757 0.000000
5.196865 0.442606 0.631351 0.000000
5.297785 0.403328 0.631351 0.000000
5.396956 0.434530 0.631335 0.000000
5.497852 0.279737 0.631594 0.000000
5.597407 0.215591 0.632081 0.000000
5.698661 0.173968 0.632081 0.000000
5.796879 0.074410 0.631825 0.000000
5.896943 0.021139 0.631548 0.000000
5.996895 -0.012787 0.631459 0.000000
6.098020 -0.021469 0.631563 0.000000
6.196546 -0.003059 0.631722 0.000000
6.296754 0.040657 0.631800 0.000000
6.398491 0.105130 0.631766 0.000000
6.497514 0.185568 0.631684 0.000000
6.598026 0.253620 0.631630 0.000000
6.696530 0.373822 0.631630 0.000000
6.797692 0.400183 0.631683 0.000000
6.896776 0.523866 0.631731 0.000000
6.997526 0.599464 0.631785 0.000000
7.096797 0.599306 0.631785 0.000000
7.197076 0.540594 0.631709 0.000000
7.298879 0.349342 0.631689 0.000000
7.397997 0.193303 0.631689 0.000000
7.497583 -0.182863 0.631725 0.000000
7.597826 -0.498192 0.631773 0.000000
7.696918 -0.600582 0.631813 0.000000
7.796672 -0.600000 0.631741 0.000000
7.896815 -0.600455 0.631694 0.000000
7.996689 -0.601070 0.631716 0.000000
8.096868 -0.597202 0.631779 0.000000
8.197916 -0.599620 0.631833 0.000000
8.297879 -0.600310 0.631845 0.000000
8.396763 -0.600924 0.631819 0.000000
8.497837 -0.586752 0.631750 0.000000
8.598192 -0.569712 0.631748 0.000000
8.697858 -0.599905 0.631790 0.000000
8.797726 -0.600637 0.631872 0.000000
8.897646 -0.573727 0.631848 0.000000
8.996663 -0.512751 0.631811 0.000000
9.096555 -0.502733 0.631792 0.000000
9.197719 -0.555262 0.631797 0.000000
9.297579 -0.564779 0.631813 0.000000
9.396931 -0.472500 0.631831 0.000000
9.497637 -0.417251 0.631840 0.000000
9.598257 -0.398803 0.631826 0.000000
9.697799 -0.366837 0.631797 0.000000
9.797897 -0.245457 0.631776 0.000000
9.897913 -0.184695 0.631772 0.000000
9.996646 -0.162626 0.631772 0.000000
10.097243 -0.141320 0.631772 0.000000
10.196928 -0.127810 0.631772 0.000000
10.297332 -0.108862 0.631772 0.000000
10.396868 -0.091672 0.631772 0.000000
10.497000 -0.081223 0.631772 0.000000
10.596879 -0.067039 0.631772 0.000000
10.697877 -0.054547 0.631772 0.000000
10.796725 -0.043603 0.631772 0.000000
10.896693 -0.034043 0.631772 0.000000
10.996747 -0.025707 0.631772 0.000000
11.097821 -0.018440 0.631772 0.000000
11.196803 -0.012105 0.631772 0.000000
11.297892 -0.006578 0.631772 0.000000
11.396895 -0.001751 0.631772 0.000000
11.497737 0.002469 0.631772 0.000000
