0.000000 0.000000 0.000000 0.000000
0.012877 0.000000 0.000000 0.000000
0.103577 0.000000 0.000000 0.000000
0.203393 0.000000 0.000000 0.000000
0.303791 0.000000 0.000000 0.000000
0.403395 0.000000 0.000000 0.000000
0.503325 0.000000 0.000000 0.000000
0.603404 0.000000 0.000000 0.000000
0.703335 0.407013 0.799824 0.000000
0.803409 0.599340 0.629392 0.000000
0.903223 0.554726 1.000000 0.000000
1.003401 0.446513 1.000000 0.000000
1.103492 0.383262 1.000000 0.000000
1.203489 0.129389 1.000000 0.000000
1.303345 0.360269 1.000000 0.000000
1.403302 0.437811 1.000000 0.000000
1.503208 0.490244 1.000000 0.000000
1.603488 0.508940 1.000000 0.000000
1.703863 0.600000 1.000000 0.000000
1.803401 0.601512 1.000000 0.000000
1.903258 0.600000 0.768665 0.000000
2.003349 0.600000 0.509710 0.000000
2.103223 0.600001 0.424748 0.000000
2.203303 0.600000 0.521057 0.000000
2.303334 0.600000 0.668666 0.000000
2.403207 0.600000 0.741221 0.000000
2.504363 0.600000 0.708862 0.000000
2.603341 0.600000 0.629411 0.000000
2.703253 0.600925 0.577146 0.000000
2.803170 0.600403 0.582224 0.000000
2.903517 0.599625 0.622388 0.000000
3.003341 0.599632 0.656537 0.000000
3.103328 0.599491 0.661158 0.000000
3.203291 0.598722 0.642309 0.000000
3.303378 0.588943 0.621531 0.000000
3.403365 0.309489 0.614947 0.000000
3.503580 -0.209985 0.622893 0.000000
3.603376 -0.600000 0.634811 0.000000
3.703391 -0.600002 0.640517 0.000000
3.803228 -0.600003 0.637796 0.000000
3.903343 -0.600000 0.631409 0.000000
4.003435 -0.600000 0.627308 0.000000
4.103319 -0.600000 0.627826 0.000000
4.203386 -0.600000 0.631097 0.000000
4.304406 -0.599518 0.633805 0.000000
4.403361 -0.588828 0.634078 0.000000
4.503386 -0.566407 0.632539 0.000000
4.603428 -0.325772 0.630915 0.000000
4.703349 0.004212 0.630443 0.000000
4.803437 0.242390 0.631056 0.000000
4.903305 0.350599 0.631896 0.000000
5.003280 0.425745 0.632239 0.000000
5.103394 0.546167 0.631992 0.000000
5.203424 0.600811 0.631577 0.000000
5.303357 0.573884 0.631291 0.000000
5.403341 0.599597 0.631397 0.000000
5.503391 0.600743 0.631665 0.000000
5.603364 0.562540 0.631814 0.000000
5.703304 0.586476 0.631819 0.000000
5.803365 0.600792 0.631774 0.000000
5.903354 0.555466 0.631662 0.000000
6.003402 0.556624 0.631637 0.000000
6.103378 0.430671 0.631694 0.000000
6.203461 0.248508 0.631773 0.000000
6.303503 0.085429 0.631802 0.000000
6.403322 -0.096753 0.631762 0.000000
6.503381 -0.266826 0.631695 0.000000
6.603346 -0.362084 0.631653 0.000000
6.703422 -0.450005 0.631661 0.000000
6.803403 -0.422039 0.631705 0.000000
6.903329 -0.330599 0.631750 0.000000
7.003408 -0.237228 0.631769 0.000000
7.103509 -0.016438 0.631755 0.000000
7.203228 0.251019 0.631728 0.000000
7.303432 0.406825 0.631704 0.000000
7.403409 0.601839 0.631736 0.000000
7.503276 0.600323 0.631754 0.000000
7.603301 0.600907 0.631768 0.000000
7.703422 0.601464 0.631782 0.000000
7.803321 0.574223 0.631752 0.000000
7.903438 0.543819 0.631757 0.000000
8.003403 0.305052 0.631785 0.000000
8.103398 0.040704 0.631803 0.000000
8.203467 -0.337096 0.631775 0.000000
8.303431 -0.600587 0.631710 0.000000
8.403418 -0.600000 0.631691 0.000000
8.503391 -0.600636 0.631699 0.000000
8.603385 -0.601336 0.631739 0.000000
8.703357 -0.600000 0.631789 0.000000
8.803338 -0.600000 0.631820 0.000000
8.903503 -0.601163 0.631820 0.000000
9.003272 -0.601870 0.631800 0.000000
9.103270 -0.600000 0.631786 0.000000
9.203484 -0.600000 0.631787 0.000000
9.303493 -0.601573 0.631798 0.000000
9.403407 -0.600000 0.631808 0.000000
9.503392 -0.600000 0.631811 0.000000
9.603136 -0.600000 0.631809 0.000000
9.703439 -0.600000 0.631806 0.000000
9.803472 -0.600000 0.631806 0.000000
9.903348 -0.600000 0.631810 0.000000
10.003409 -0.601887 0.631815 0.000000
10.103868 -0.600000 0.631822 0.000000
10.203542 -0.600000 0.631822 0.000000
10.303495 -0.600000 0.631822 0.000000
10.403438 -0.600000 0.631822 0.000000
10.503541 -0.600000 0.631822 0.000000
10.603861 -0.600000 0.631822 0.000000
10.704150 -0.600000 0.631822 0.000000
10.803512 -0.600000 0.631822 0.000000
10.903219 -0.600000 0.631822 0.000000
11.003344 -0.600000 0.631822 0.000000
11.103270 -0.600000 0.631822 0.000000
11.203403 -0.600000 0.631822 0.000000
11.303658 -0.600000 0.631822 0.000000
11.405514 -0.600000 0.631822 0.000000
11.503264 -0.600000 0.631822 0.000000
11.603408 -0.600000 0.631822 0.000000
11.703384 -0.600000 0.631822 0.000000
11.803415 -0.600000 0.631822 0.000000
11.903167 -0.600000 0.631822 0.000000
12.003181 -0.600000 0.631822 0.000000
